3996.321400	0.869201
3994.392674	0.869174
3992.463947	0.869613
3990.535220	0.869949
3988.606494	0.869978
3986.677767	0.869976
3984.749041	0.869737
3982.820314	0.869351
3980.891588	0.869347
3978.962861	0.869606
3977.034135	0.869767
3975.105408	0.869893
3973.176682	0.869968
3971.247955	0.869800
3969.319228	0.869369
3967.390502	0.869045
3965.461775	0.869290
3963.533049	0.869822
3961.604322	0.870087
3959.675596	0.870157
3957.746869	0.870196
3955.818143	0.870233
3953.889416	0.870427
3951.960690	0.870509
3950.031963	0.870210
3948.103236	0.870209
3946.174510	0.870639
3944.245783	0.870521
3942.317057	0.869992
3940.388330	0.870058
3938.459604	0.870512
3936.530877	0.870468
3934.602151	0.869858
3932.673424	0.869471
3930.744698	0.869945
3928.815971	0.870926
3926.887244	0.871648
3924.958518	0.871684
3923.029791	0.871217
3921.101065	0.871039
3919.172338	0.871376
3917.243612	0.871730
3915.314885	0.871934
3913.386159	0.872020
3911.457432	0.872083
3909.528706	0.872300
3907.599979	0.872432
3905.671252	0.872097
3903.742526	0.871620
3901.813799	0.871453
3899.885073	0.871378
3897.956346	0.871394
3896.027620	0.871829
3894.098893	0.872481
3892.170167	0.872973
3890.241440	0.873167
3888.312714	0.872935
3886.383987	0.872506
3884.455260	0.872514
3882.526534	0.872930
3880.597807	0.873298
3878.669081	0.873618
3876.740354	0.873857
3874.811628	0.873861
3872.882901	0.873618
3870.954175	0.873298
3869.025448	0.873310
3867.096722	0.873568
3865.167995	0.873551
3863.239269	0.873403
3861.310542	0.873513
3859.381815	0.873702
3857.453089	0.873632
3855.524362	0.873236
3853.595636	0.872828
3851.666909	0.872801
3849.738183	0.873268
3847.809456	0.873988
3845.880730	0.874519
3843.952003	0.874746
3842.023277	0.874710
3840.094550	0.874453
3838.165823	0.874348
3836.237097	0.874727
3834.308370	0.875479
3832.379644	0.876044
3830.450917	0.875943
3828.522191	0.875449
3826.593464	0.875026
3824.664738	0.874701
3822.736011	0.874534
3820.807285	0.874732
3818.878558	0.875145
3816.949831	0.875525
3815.021105	0.875957
3813.092378	0.876511
3811.163652	0.876785
3809.234925	0.876481
3807.306199	0.876163
3805.377472	0.876365
3803.448746	0.876712
3801.520019	0.876785
3799.591293	0.876687
3797.662566	0.876585
3795.733839	0.876548
3793.805113	0.876638
3791.876386	0.876807
3789.947660	0.876803
3788.018933	0.876399
3786.090207	0.875998
3784.161480	0.876167
3782.232754	0.876577
3780.304027	0.876803
3778.375301	0.877159
3776.446574	0.877682
3774.517847	0.877944
3772.589121	0.877863
3770.660394	0.877492
3768.731668	0.876898
3766.802941	0.876453
3764.874215	0.876577
3762.945488	0.877176
3761.016762	0.877586
3759.088035	0.877677
3757.159309	0.877840
3755.230582	0.877959
3753.301855	0.877931
3751.373129	0.878001
3749.444402	0.878226
3747.515676	0.878316
3745.586949	0.878051
3743.658223	0.877961
3741.729496	0.878525
3739.800770	0.879145
3737.872043	0.879235
3735.943317	0.878979
3734.014590	0.878808
3732.085863	0.878965
3730.157137	0.879124
3728.228410	0.878930
3726.299684	0.878725
3724.370957	0.878841
3722.442231	0.879172
3720.513504	0.879602
3718.584778	0.879987
3716.656051	0.880058
3714.727325	0.879966
3712.798598	0.880069
3710.869871	0.880187
3708.941145	0.880099
3707.012418	0.880035
3705.083692	0.880344
3703.154965	0.880888
3701.226239	0.881163
3699.297512	0.881239
3697.368786	0.881408
3695.440059	0.881293
3693.511333	0.880520
3691.582606	0.879665
3689.653880	0.879381
3687.725153	0.879573
3685.796426	0.880142
3683.867700	0.880916
3681.938973	0.881470
3680.010247	0.881436
3678.081520	0.880606
3676.152794	0.879763
3674.224067	0.879855
3672.295341	0.880345
3670.366614	0.880491
3668.437888	0.880468
3666.509161	0.880533
3664.580434	0.880483
3662.651708	0.880039
3660.722981	0.879476
3658.794255	0.879138
3656.865528	0.878896
3654.936802	0.878607
3653.008075	0.878102
3651.079349	0.877351
3649.150622	0.876682
3647.221896	0.876333
3645.293169	0.876464
3643.364442	0.876837
3641.435716	0.876893
3639.506989	0.876707
3637.578263	0.876470
3635.649536	0.875982
3633.720810	0.875401
3631.792083	0.874850
3629.863357	0.874299
3627.934630	0.874087
3626.005904	0.874058
3624.077177	0.873755
3622.148450	0.873434
3620.219724	0.873291
3618.290997	0.873001
3616.362271	0.872508
3614.433544	0.872134
3612.504818	0.872014
3610.576091	0.872057
3608.647365	0.872175
3606.718638	0.872320
3604.789912	0.872281
3602.861185	0.871755
3600.932458	0.870943
3599.003732	0.870415
3597.075005	0.870259
3595.146279	0.870172
3593.217552	0.870022
3591.288826	0.869862
3589.360099	0.869825
3587.431373	0.869989
3585.502646	0.870162
3583.573920	0.870237
3581.645193	0.870364
3579.716466	0.870404
3577.787740	0.869996
3575.859013	0.869215
3573.930287	0.868668
3572.001560	0.868701
3570.072834	0.868867
3568.144107	0.868732
3566.215381	0.868479
3564.286654	0.868347
3562.357928	0.868154
3560.429201	0.867752
3558.500474	0.867445
3556.571748	0.867310
3554.643021	0.867150
3552.714295	0.867131
3550.785568	0.866964
3548.856842	0.866129
3546.928115	0.865371
3544.999389	0.865541
3543.070662	0.866008
3541.141936	0.866007
3539.213209	0.865720
3537.284482	0.865403
3535.355756	0.865250
3533.427029	0.865431
3531.498303	0.865459
3529.569576	0.865064
3527.640850	0.864707
3525.712123	0.864527
3523.783397	0.864317
3521.854670	0.864063
3519.925944	0.863877
3517.997217	0.863839
3516.068491	0.863706
3514.139764	0.863157
3512.211037	0.862626
3510.282311	0.862552
3508.353584	0.862484
3506.424858	0.862132
3504.496131	0.861789
3502.567405	0.861687
3500.638678	0.861804
3498.709952	0.861746
3496.781225	0.861255
3494.852499	0.860820
3492.923772	0.860714
3490.995045	0.860461
3489.066319	0.860152
3487.137592	0.860049
3485.208866	0.859737
3483.280139	0.859420
3481.351413	0.859533
3479.422686	0.859671
3477.493960	0.859587
3475.565233	0.859380
3473.636507	0.858998
3471.707780	0.858524
3469.779053	0.858078
3467.850327	0.857651
3465.921600	0.857419
3463.992874	0.857515
3462.064147	0.857659
3460.135421	0.857563
3458.206694	0.857328
3456.277968	0.857057
3454.349241	0.856538
3452.420515	0.855821
3450.491788	0.855158
3448.563061	0.854454
3446.634335	0.853724
3444.705608	0.853204
3442.776882	0.852842
3440.848155	0.852229
3438.919429	0.851325
3436.990702	0.850608
3435.061976	0.850049
3433.133249	0.849467
3431.204523	0.848872
3429.275796	0.848090
3427.347069	0.847434
3425.418343	0.847188
3423.489616	0.846925
3421.560890	0.846504
3419.632163	0.846237
3417.703437	0.846087
3415.774710	0.845784
3413.845984	0.845473
3411.917257	0.845323
3409.988531	0.845158
3408.059804	0.844843
3406.131077	0.844343
3404.202351	0.844042
3402.273624	0.844444
3400.344898	0.844994
3398.416171	0.844920
3396.487445	0.844604
3394.558718	0.844435
3392.629992	0.844094
3390.701265	0.843725
3388.772539	0.843807
3386.843812	0.844107
3384.915085	0.844085
3382.986359	0.843744
3381.057632	0.843481
3379.128906	0.843552
3377.200179	0.843971
3375.271453	0.844455
3373.342726	0.844516
3371.414000	0.844178
3369.485273	0.844031
3367.556547	0.844386
3365.627820	0.844975
3363.699093	0.845492
3361.770367	0.845855
3359.841640	0.845996
3357.912914	0.846076
3355.984187	0.846298
3354.055461	0.846316
3352.126734	0.846086
3350.198008	0.846088
3348.269281	0.846129
3346.340555	0.845831
3344.411828	0.845672
3342.483102	0.846031
3340.554375	0.846395
3338.625648	0.846394
3336.696922	0.846398
3334.768195	0.846551
3332.839469	0.846575
3330.910742	0.846560
3328.982016	0.846658
3327.053289	0.846652
3325.124563	0.846527
3323.195836	0.846510
3321.267110	0.846475
3319.338383	0.846244
3317.409656	0.846100
3315.480930	0.846361
3313.552203	0.846891
3311.623477	0.847349
3309.694750	0.847562
3307.766024	0.847424
3305.837297	0.846947
3303.908571	0.846523
3301.979844	0.846286
3300.051118	0.845961
3298.122391	0.845774
3296.193664	0.846074
3294.264938	0.846634
3292.336211	0.846960
3290.407485	0.846749
3288.478758	0.846331
3286.550032	0.846040
3284.621305	0.845584
3282.692579	0.845166
3280.763852	0.845323
3278.835126	0.845680
3276.906399	0.845731
3274.977672	0.845680
3273.048946	0.845822
3271.120219	0.846047
3269.191493	0.846205
3267.262766	0.846309
3265.334040	0.846239
3263.405313	0.845902
3261.476587	0.845373
3259.547860	0.844872
3257.619134	0.844612
3255.690407	0.844559
3253.761680	0.844708
3251.832954	0.844906
3249.904227	0.844899
3247.975501	0.844819
3246.046774	0.844879
3244.118048	0.844953
3242.189321	0.844787
3240.260595	0.844535
3238.331868	0.844423
3236.403142	0.844606
3234.474415	0.845133
3232.545688	0.845296
3230.616962	0.844870
3228.688235	0.844691
3226.759509	0.844982
3224.830782	0.845267
3222.902056	0.845327
3220.973329	0.845350
3219.044603	0.845645
3217.115876	0.846201
3215.187150	0.846571
3213.258423	0.846401
3211.329696	0.845975
3209.400970	0.845850
3207.472243	0.846106
3205.543517	0.846462
3203.614790	0.846757
3201.686064	0.846773
3199.757337	0.846429
3197.828611	0.846214
3195.899884	0.846599
3193.971158	0.847362
3192.042431	0.847849
3190.113704	0.847906
3188.184978	0.848170
3186.256251	0.848918
3184.327525	0.849384
3182.398798	0.849163
3180.470072	0.848955
3178.541345	0.849080
3176.612619	0.849273
3174.683892	0.849499
3172.755166	0.849695
3170.826439	0.849860
3168.897713	0.850236
3166.968986	0.850864
3165.040259	0.851442
3163.111533	0.851809
3161.182806	0.852053
3159.254080	0.852166
3157.325353	0.852184
3155.396627	0.852239
3153.467900	0.852401
3151.539174	0.852774
3149.610447	0.853231
3147.681721	0.853441
3145.752994	0.853570
3143.824267	0.853897
3141.895541	0.854101
3139.966814	0.854135
3138.038088	0.854401
3136.109361	0.854722
3134.180635	0.854747
3132.251908	0.854848
3130.323182	0.855369
3128.394455	0.855777
3126.465729	0.855712
3124.537002	0.855778
3122.608275	0.856360
3120.679549	0.856945
3118.750822	0.857148
3116.822096	0.857130
3114.893369	0.857024
3112.964643	0.857036
3111.035916	0.857245
3109.107190	0.857322
3107.178463	0.857333
3105.249737	0.857687
3103.321010	0.858220
3101.392283	0.858453
3099.463557	0.858459
3097.534830	0.858600
3095.606104	0.858781
3093.677377	0.858785
3091.748651	0.858664
3089.819924	0.858645
3087.891198	0.858893
3085.962471	0.859213
3084.033745	0.859453
3082.105018	0.859716
3080.176291	0.859930
3078.247565	0.859970
3076.318838	0.859966
3074.390112	0.860039
3072.461385	0.860048
3070.532659	0.859888
3068.603932	0.859775
3066.675206	0.859836
3064.746479	0.859894
3062.817753	0.859936
3060.889026	0.860154
3058.960299	0.860556
3057.031573	0.860965
3055.102846	0.861347
3053.174120	0.861780
3051.245393	0.862101
3049.316667	0.862154
3047.387940	0.862113
3045.459214	0.862202
3043.530487	0.862395
3041.601761	0.862569
3039.673034	0.862805
3037.744307	0.863137
3035.815581	0.863265
3033.886854	0.863112
3031.958128	0.863199
3030.029401	0.863756
3028.100675	0.864223
3026.171948	0.864298
3024.243222	0.864269
3022.314495	0.864300
3020.385769	0.864438
3018.457042	0.864710
3016.528315	0.864981
3014.599589	0.865227
3012.670862	0.865614
3010.742136	0.866055
3008.813409	0.866335
3006.884683	0.866550
3004.955956	0.866751
3003.027230	0.866815
3001.098503	0.866881
2999.169777	0.867147
2997.241050	0.867541
2995.312324	0.867913
2993.383597	0.868182
2991.454870	0.868510
2989.526144	0.869092
2987.597417	0.869546
2985.668691	0.869615
2983.739964	0.869664
2981.811238	0.869609
2979.882511	0.869340
2977.953785	0.869326
2976.025058	0.869585
2974.096332	0.869794
2972.167605	0.869954
2970.238878	0.870030
2968.310152	0.869929
2966.381425	0.869940
2964.452699	0.870393
2962.523972	0.870967
2960.595246	0.871220
2958.666519	0.871243
2956.737793	0.871305
2954.809066	0.871460
2952.880340	0.871674
2950.951613	0.871993
2949.022886	0.872376
2947.094160	0.872766
2945.165433	0.873158
2943.236707	0.873400
2941.307980	0.873532
2939.379254	0.873808
2937.450527	0.874211
2935.521801	0.874530
2933.593074	0.874702
2931.664348	0.874727
2929.735621	0.874646
2927.806894	0.874568
2925.878168	0.874427
2923.949441	0.874344
2922.020715	0.874641
2920.091988	0.875128
2918.163262	0.875445
2916.234535	0.875584
2914.305809	0.875710
2912.377082	0.875945
2910.448356	0.876227
2908.519629	0.876414
2906.590902	0.876551
2904.662176	0.876822
2902.733449	0.877185
2900.804723	0.877419
2898.875996	0.877536
2896.947270	0.877638
2895.018543	0.877659
2893.089817	0.877670
2891.161090	0.877910
2889.232364	0.878205
2887.303637	0.878238
2885.374910	0.878230
2883.446184	0.878429
2881.517457	0.878659
2879.588731	0.878732
2877.660004	0.878659
2875.731278	0.878668
2873.802551	0.879009
2871.873825	0.879491
2869.945098	0.879757
2868.016372	0.879896
2866.087645	0.880118
2864.158918	0.880253
2862.230192	0.880107
2860.301465	0.879882
2858.372739	0.879807
2856.444012	0.879844
2854.515286	0.879997
2852.586559	0.880255
2850.657833	0.880381
2848.729106	0.880333
2846.800380	0.880408
2844.871653	0.880669
2842.942926	0.880852
2841.014200	0.880887
2839.085473	0.880916
2837.156747	0.881025
2835.228020	0.881158
2833.299294	0.881210
2831.370567	0.881258
2829.441841	0.881431
2827.513114	0.881636
2825.584388	0.881796
2823.655661	0.881978
2821.726935	0.882075
2819.798208	0.882021
2817.869481	0.882043
2815.940755	0.882173
2814.012028	0.882288
2812.083302	0.882405
2810.154575	0.882410
2808.225849	0.882233
2806.297122	0.882084
2804.368396	0.882165
2802.439669	0.882329
2800.510943	0.882323
2798.582216	0.882350
2796.653489	0.882649
2794.724763	0.882995
2792.796036	0.883186
2790.867310	0.883303
2788.938583	0.883396
2787.009857	0.883460
2785.081130	0.883671
2783.152404	0.884194
2781.223677	0.884776
2779.294951	0.885004
2777.366224	0.884942
2775.437497	0.885004
2773.508771	0.885248
2771.580044	0.885487
2769.651318	0.885702
2767.722591	0.885865
2765.793865	0.886075
2763.865138	0.886488
2761.936412	0.886855
2760.007685	0.887021
2758.078959	0.887148
2756.150232	0.887282
2754.221505	0.887539
2752.292779	0.888006
2750.364052	0.888332
2748.435326	0.888297
2746.506599	0.888242
2744.577873	0.888394
2742.649146	0.888585
2740.720420	0.888726
2738.791693	0.888742
2736.862967	0.888629
2734.934240	0.888709
2733.005513	0.889051
2731.076787	0.889314
2729.148060	0.889421
2727.219334	0.889462
2725.290607	0.889444
2723.361881	0.889482
2721.433154	0.889535
2719.504428	0.889436
2717.575701	0.889297
2715.646975	0.889305
2713.718248	0.889530
2711.789521	0.889919
2709.860795	0.890266
2707.932068	0.890434
2706.003342	0.890489
2704.074615	0.890505
2702.145889	0.890431
2700.217162	0.890311
2698.288436	0.890306
2696.359709	0.890404
2694.430983	0.890480
2692.502256	0.890512
2690.573529	0.890590
2688.644803	0.890726
2686.716076	0.890813
2684.787350	0.890889
2682.858623	0.891075
2680.929897	0.891290
2679.001170	0.891409
2677.072444	0.891474
2675.143717	0.891536
2673.214991	0.891583
2671.286264	0.891635
2669.357537	0.891667
2667.428811	0.891671
2665.500084	0.891714
2663.571358	0.891768
2661.642631	0.891851
2659.713905	0.892109
2657.785178	0.892420
2655.856452	0.892510
2653.927725	0.892484
2651.998999	0.892561
2650.070272	0.892708
2648.141546	0.892932
2646.212819	0.893213
2644.284092	0.893313
2642.355366	0.893206
2640.426639	0.893144
2638.497913	0.893247
2636.569186	0.893424
2634.640460	0.893620
2632.711733	0.893895
2630.783007	0.894233
2628.854280	0.894458
2626.925554	0.894405
2624.996827	0.894195
2623.068100	0.894087
2621.139374	0.894079
2619.210647	0.894137
2617.281921	0.894385
2615.353194	0.894714
2613.424468	0.894830
2611.495741	0.894719
2609.567015	0.894607
2607.638288	0.894618
2605.709562	0.894658
2603.780835	0.894684
2601.852108	0.894867
2599.923382	0.895131
2597.994655	0.895089
2596.065929	0.894705
2594.137202	0.894490
2592.208476	0.894773
2590.279749	0.895043
2588.351023	0.894848
2586.422296	0.894574
2584.493570	0.894484
2582.564843	0.894382
2580.636116	0.894253
2578.707390	0.894108
2576.778663	0.893885
2574.849937	0.893738
2572.921210	0.893840
2570.992484	0.894129
2569.063757	0.894355
2567.135031	0.894398
2565.206304	0.894292
2563.277578	0.894007
2561.348851	0.893722
2559.420124	0.893628
2557.491398	0.893502
2555.562671	0.893323
2553.633945	0.893458
2551.705218	0.893764
2549.776492	0.893647
2547.847765	0.893175
2545.919039	0.892872
2543.990312	0.892881
2542.061586	0.893207
2540.132859	0.893796
2538.204132	0.894199
2536.275406	0.894113
2534.346679	0.894088
2532.417953	0.894541
2530.489226	0.894973
2528.560500	0.895088
2526.631773	0.895134
2524.703047	0.895231
2522.774320	0.895364
2520.845594	0.895453
2518.916867	0.895580
2516.988140	0.896060
2515.059414	0.896713
2513.130687	0.897211
2511.201961	0.897958
2509.273234	0.899015
2507.344508	0.899677
2505.415781	0.900014
2503.487055	0.900745
2501.558328	0.901841
2499.629602	0.902683
2497.700875	0.903118
2495.772148	0.903546
2493.843422	0.904201
2491.914695	0.905001
2489.985969	0.905698
2488.057242	0.906185
2486.128516	0.906734
2484.199789	0.907306
2482.271063	0.907620
2480.342336	0.907827
2478.413610	0.908022
2476.484883	0.908142
2474.556157	0.908375
2472.627430	0.908844
2470.698703	0.909290
2468.769977	0.909446
2466.841250	0.909531
2464.912524	0.909907
2462.983797	0.910405
2461.055071	0.910507
2459.126344	0.910333
2457.197618	0.910476
2455.268891	0.910806
2453.340165	0.910937
2451.411438	0.910996
2449.482711	0.911184
2447.553985	0.911572
2445.625258	0.912106
2443.696532	0.912528
2441.767805	0.912576
2439.839079	0.912377
2437.910352	0.912429
2435.981626	0.912891
2434.052899	0.913346
2432.124173	0.913469
2430.195446	0.913389
2428.266719	0.913196
2426.337993	0.912892
2424.409266	0.912790
2422.480540	0.912893
2420.551813	0.912805
2418.623087	0.912849
2416.694360	0.913287
2414.765634	0.913340
2412.836907	0.912725
2410.908181	0.912192
2408.979454	0.912061
2407.050727	0.911946
2405.122001	0.911692
2403.193274	0.911491
2401.264548	0.911388
2399.335821	0.911314
2397.407095	0.911292
2395.478368	0.911417
2393.549642	0.911639
2391.620915	0.911701
2389.692189	0.911491
2387.763462	0.911155
2385.834735	0.910876
2383.906009	0.910748
2381.977282	0.910713
2380.048556	0.910569
2378.119829	0.910209
2376.191103	0.909785
2374.262376	0.909397
2372.333650	0.909003
2370.404923	0.908748
2368.476197	0.908634
2366.547470	0.908346
2364.618743	0.907942
2362.690017	0.907714
2360.761290	0.907548
2358.832564	0.907241
2356.903837	0.907022
2354.975111	0.907343
2353.046384	0.908155
2351.117658	0.908755
2349.188931	0.908634
2347.260205	0.908025
2345.331478	0.907434
2343.402751	0.907063
2341.474025	0.906889
2339.545298	0.906906
2337.616572	0.907004
2335.687845	0.907013
2333.759119	0.906916
2331.830392	0.906841
2329.901666	0.906979
2327.972939	0.907211
2326.044213	0.907251
2324.115486	0.907318
2322.186759	0.907669
2320.258033	0.908113
2318.329306	0.908581
2316.400580	0.909191
2314.471853	0.909846
2312.543127	0.910257
2310.614400	0.910450
2308.685674	0.910815
2306.756947	0.911366
2304.828221	0.911853
2302.899494	0.912270
2300.970768	0.912626
2299.042041	0.912721
2297.113314	0.912561
2295.184588	0.912695
2293.255861	0.913456
2291.327135	0.914392
2289.398408	0.915022
2287.469682	0.915313
2285.540955	0.915316
2283.612229	0.915220
2281.683502	0.915441
2279.754776	0.915937
2277.826049	0.916232
2275.897322	0.916335
2273.968596	0.916408
2272.039869	0.916338
2270.111143	0.916314
2268.182416	0.916581
2266.253690	0.917066
2264.324963	0.917592
2262.396237	0.917880
2260.467510	0.917836
2258.538784	0.917832
2256.610057	0.918300
2254.681330	0.919099
2252.752604	0.919563
2250.823877	0.919530
2248.895151	0.919491
2246.966424	0.919692
2245.037698	0.920166
2243.108971	0.920725
2241.180245	0.920820
2239.251518	0.920856
2237.322792	0.921527
2235.394065	0.922029
2233.465338	0.921933
2231.536612	0.922002
2229.607885	0.922165
2227.679159	0.922065
2225.750432	0.922344
2223.821706	0.923137
2221.892979	0.923820
2219.964253	0.924661
2218.035526	0.925638
2216.106800	0.925725
2214.178073	0.924936
2212.249346	0.924352
2210.320620	0.924563
2208.391893	0.925114
2206.463167	0.925634
2204.534440	0.926401
2202.605714	0.927074
2200.676987	0.927138
2198.748261	0.926752
2196.819534	0.926171
2194.890808	0.925992
2192.962081	0.926459
2191.033354	0.926678
2189.104628	0.926471
2187.175901	0.926870
2185.247175	0.928214
2183.318448	0.929354
2181.389722	0.929119
2179.460995	0.928064
2177.532269	0.927278
2175.603542	0.927130
2173.674816	0.927719
2171.746089	0.928875
2169.817362	0.930176
2167.888636	0.930476
2165.959909	0.928976
2164.031183	0.927163
2162.102456	0.927462
2160.173730	0.930046
2158.245003	0.931743
2156.316277	0.931436
2154.387550	0.931347
2152.458824	0.931566
2150.530097	0.931406
2148.601370	0.931482
2146.672644	0.931881
2144.743917	0.932096
2142.815191	0.932518
2140.886464	0.933217
2138.957738	0.933400
2137.029011	0.933257
2135.100285	0.933326
2133.171558	0.933482
2131.242832	0.933519
2129.314105	0.933468
2127.385379	0.933585
2125.456652	0.933892
2123.527925	0.934230
2121.599199	0.934465
2119.670472	0.934482
2117.741746	0.934267
2115.813019	0.933814
2113.884293	0.933258
2111.955566	0.932911
2110.026840	0.933145
2108.098113	0.933830
2106.169387	0.934305
2104.240660	0.934491
2102.311933	0.934801
2100.383207	0.935234
2098.454480	0.935448
2096.525754	0.935548
2094.597027	0.935854
2092.668301	0.936103
2090.739574	0.935949
2088.810848	0.935682
2086.882121	0.935825
2084.953395	0.936238
2083.024668	0.936412
2081.095941	0.936276
2079.167215	0.936215
2077.238488	0.936527
2075.309762	0.936755
2073.381035	0.936651
2071.452309	0.936763
2069.523582	0.937180
2067.594856	0.937535
2065.666129	0.937783
2063.737403	0.938118
2061.808676	0.938600
2059.879949	0.938842
2057.951223	0.938317
2056.022496	0.937581
2054.093770	0.937635
2052.165043	0.937966
2050.236317	0.937704
2048.307590	0.937201
2046.378864	0.937306
2044.450137	0.937817
2042.521411	0.937840
2040.592684	0.938207
2038.663957	0.939720
2036.735231	0.940812
2034.806504	0.940659
2032.877778	0.940236
2030.949051	0.940496
2029.020325	0.941664
2027.091598	0.942705
2025.162872	0.942945
2023.234145	0.942620
2021.305419	0.941477
2019.376692	0.940386
2017.447965	0.940823
2015.519239	0.942034
2013.590512	0.942619
2011.661786	0.942512
2009.733059	0.942207
2007.804333	0.942004
2005.875606	0.941851
2003.946880	0.942150
2002.018153	0.943483
2000.089427	0.944891
1998.160700	0.944962
1996.231973	0.944052
1994.303247	0.943614
1992.374520	0.944046
1990.445794	0.944274
1988.517067	0.943788
1986.588341	0.943015
1984.659614	0.942277
1982.730888	0.942239
1980.802161	0.943195
1978.873435	0.944191
1976.944708	0.944476
1975.015981	0.944744
1973.087255	0.945298
1971.158528	0.945235
1969.229802	0.944907
1967.301075	0.945559
1965.372349	0.946725
1963.443622	0.946930
1961.514896	0.946234
1959.586169	0.945986
1957.657443	0.946519
1955.728716	0.946877
1953.799990	0.946459
1951.871263	0.946112
1949.942536	0.946701
1948.013810	0.947343
1946.085083	0.947050
1944.156357	0.946512
1942.227630	0.946666
1940.298904	0.947078
1938.370177	0.946837
1936.441451	0.946016
1934.512724	0.945547
1932.583998	0.945944
1930.655271	0.946548
1928.726544	0.946859
1926.797818	0.947351
1924.869091	0.948033
1922.940365	0.948138
1921.011638	0.947496
1919.082912	0.946939
1917.154185	0.947130
1915.225459	0.947610
1913.296732	0.947657
1911.368006	0.947379
1909.439279	0.947150
1907.510552	0.946958
1905.581826	0.946921
1903.653099	0.947400
1901.724373	0.948187
1899.795646	0.948675
1897.866920	0.948782
1895.938193	0.948765
1894.009467	0.948834
1892.080740	0.949035
1890.152014	0.949029
1888.223287	0.948670
1886.294560	0.948367
1884.365834	0.948513
1882.437107	0.949048
1880.508381	0.949511
1878.579654	0.949586
1876.650928	0.949455
1874.722201	0.949401
1872.793475	0.949452
1870.864748	0.949509
1868.936022	0.949664
1867.007295	0.950040
1865.078568	0.950343
1863.149842	0.950321
1861.221115	0.950232
1859.292389	0.950258
1857.363662	0.950306
1855.434936	0.950357
1853.506209	0.950473
1851.577483	0.950738
1849.648756	0.951099
1847.720030	0.951212
1845.791303	0.950927
1843.862576	0.950746
1841.933850	0.951036
1840.005123	0.951419
1838.076397	0.951564
1836.147670	0.951591
1834.218944	0.951614
1832.290217	0.951624
1830.361491	0.951663
1828.432764	0.951767
1826.504038	0.951874
1824.575311	0.951962
1822.646584	0.952143
1820.717858	0.952390
1818.789131	0.952575
1816.860405	0.952789
1814.931678	0.952981
1813.002952	0.952974
1811.074225	0.952936
1809.145499	0.953021
1807.216772	0.953195
1805.288046	0.953412
1803.359319	0.953528
1801.430593	0.953551
1799.501866	0.953627
1797.573139	0.953630
1795.644413	0.953471
1793.715686	0.953457
1791.786960	0.953877
1789.858233	0.954473
1787.929507	0.954744
1786.000780	0.954673
1784.072054	0.954590
1782.143327	0.954665
1780.214601	0.954861
1778.285874	0.955024
1776.357147	0.955078
1774.428421	0.955049
1772.499694	0.955000
1770.570968	0.955070
1768.642241	0.955332
1766.713515	0.955757
1764.784788	0.956106
1762.856062	0.956166
1760.927335	0.956180
1758.998609	0.956331
1757.069882	0.956497
1755.141155	0.956599
1753.212429	0.956541
1751.283702	0.956322
1749.354976	0.956212
1747.426249	0.956358
1745.497523	0.956599
1743.568796	0.956762
1741.640070	0.956810
1739.711343	0.956861
1737.782617	0.956881
1735.853890	0.956688
1733.925163	0.956574
1731.996437	0.956798
1730.067710	0.957074
1728.138984	0.957254
1726.210257	0.957374
1724.281531	0.957446
1722.352804	0.957438
1720.424078	0.957117
1718.495351	0.956609
1716.566625	0.956507
1714.637898	0.956819
1712.709171	0.957052
1710.780445	0.957136
1708.851718	0.957127
1706.922992	0.956932
1704.994265	0.956665
1703.065539	0.956339
1701.136812	0.956019
1699.208086	0.956053
1697.279359	0.956338
1695.350633	0.956705
1693.421906	0.957169
1691.493179	0.957346
1689.564453	0.957160
1687.635726	0.956799
1685.707000	0.956364
1683.778273	0.956284
1681.849547	0.956587
1679.920820	0.956770
1677.992094	0.956670
1676.063367	0.956475
1674.134641	0.956334
1672.205914	0.956127
1670.277187	0.955890
1668.348461	0.955921
1666.419734	0.956013
1664.491008	0.955773
1662.562281	0.955388
1660.633555	0.955153
1658.704828	0.955039
1656.776102	0.954638
1654.847375	0.953641
1652.918649	0.952868
1650.989922	0.953026
1649.061195	0.953257
1647.132469	0.953074
1645.203742	0.953066
1643.275016	0.953207
1641.346289	0.953075
1639.417563	0.952694
1637.488836	0.952245
1635.560110	0.952110
1633.631383	0.952444
1631.702657	0.952670
1629.773930	0.952532
1627.845204	0.952446
1625.916477	0.952506
1623.987750	0.952504
1622.059024	0.952405
1620.130297	0.951966
1618.201571	0.950916
1616.272844	0.949650
1614.344118	0.948406
1612.415391	0.946609
1610.486665	0.943840
1608.557938	0.940181
1606.629212	0.935824
1604.700485	0.930885
1602.771758	0.925342
1600.843032	0.919234
1598.914305	0.912600
1596.985579	0.905403
1595.056852	0.897777
1593.128126	0.889873
1591.199399	0.881750
1589.270673	0.873546
1587.341946	0.865442
1585.413220	0.857552
1583.484493	0.849858
1581.555766	0.842255
1579.627040	0.834626
1577.698313	0.826953
1575.769587	0.819560
1573.840860	0.812665
1571.912134	0.805899
1569.983407	0.799077
1568.054681	0.792449
1566.125954	0.785929
1564.197228	0.779227
1562.268501	0.772282
1560.339774	0.765306
1558.411048	0.758850
1556.482321	0.753055
1554.553595	0.747381
1552.624868	0.741556
1550.696142	0.735640
1548.767415	0.729705
1546.838689	0.723797
1544.909962	0.717848
1542.981236	0.711827
1541.052509	0.705889
1539.123782	0.700349
1537.195056	0.695124
1535.266329	0.689725
1533.337603	0.684157
1531.408876	0.678688
1529.480150	0.673283
1527.551423	0.667895
1525.622697	0.662562
1523.693970	0.657216
1521.765244	0.651886
1519.836517	0.646783
1517.907790	0.641799
1515.979064	0.636728
1514.050337	0.631712
1512.121611	0.626705
1510.192884	0.621413
1508.264158	0.615952
1506.335431	0.610868
1504.406705	0.606330
1502.477978	0.601828
1500.549252	0.597012
1498.620525	0.592056
1496.691798	0.587188
1494.763072	0.582435
1492.834345	0.577664
1490.905619	0.572827
1488.976892	0.568091
1487.048166	0.563557
1485.119439	0.559109
1483.190713	0.554584
1481.261986	0.549974
1479.333260	0.545403
1477.404533	0.540881
1475.475806	0.536389
1473.547080	0.531994
1471.618353	0.527718
1469.689627	0.523462
1467.760900	0.519040
1465.832174	0.514508
1463.903447	0.510126
1461.974721	0.505822
1460.045994	0.501264
1458.117268	0.496454
1456.188541	0.491786
1454.259815	0.487359
1452.331088	0.482863
1450.402361	0.478220
1448.473635	0.473568
1446.544908	0.468944
1444.616182	0.464304
1442.687455	0.459574
1440.758729	0.454764
1438.830002	0.449898
1436.901276	0.444977
1434.972549	0.440145
1433.043823	0.435399
1431.115096	0.430504
1429.186369	0.425463
1427.257643	0.420445
1425.328916	0.415433
1423.400190	0.410319
1421.471463	0.405041
1419.542737	0.399641
1417.614010	0.394309
1415.685284	0.389116
1413.756557	0.383796
1411.827831	0.378156
1409.899104	0.372366
1407.970377	0.366619
1406.041651	0.360870
1404.112924	0.354998
1402.184198	0.348944
1400.255471	0.342706
1398.326745	0.336297
1396.398018	0.329689
1394.469292	0.322922
1392.540565	0.316072
1390.611839	0.309057
1388.683112	0.301684
1386.754385	0.293981
1384.825659	0.286211
1382.896932	0.278309
1380.968206	0.269995
1379.039479	0.261337
1377.110753	0.252566
1375.182026	0.243700
1373.253300	0.234621
1371.324573	0.225359
1369.395847	0.216066
1367.467120	0.206956
1365.538393	0.198297
1363.609667	0.190288
1361.680940	0.183058
1359.752214	0.176610
1357.823487	0.170886
1355.894761	0.165868
1353.966034	0.161434
1352.037308	0.157520
1350.108581	0.154234
1348.179855	0.151519
1346.251128	0.149170
1344.322401	0.147211
1342.393675	0.145724
1340.464948	0.144563
1338.536222	0.143598
1336.607495	0.142908
1334.678769	0.142536
1332.750042	0.142383
1330.821316	0.142431
1328.892589	0.142732
1326.963863	0.143256
1325.035136	0.143928
1323.106409	0.144689
1321.177683	0.145543
1319.248956	0.146541
1317.320230	0.147685
1315.391503	0.148977
1313.462777	0.150393
1311.534050	0.151847
1309.605324	0.153284
1307.676597	0.154759
1305.747871	0.156390
1303.819144	0.158221
1301.890417	0.160173
1299.961691	0.162147
1298.032964	0.164115
1296.104238	0.166111
1294.175511	0.168180
1292.246785	0.170369
1290.318058	0.172674
1288.389332	0.175057
1286.460605	0.177496
1284.531879	0.179941
1282.603152	0.182328
1280.674426	0.184633
1278.745699	0.186873
1276.816972	0.189050
1274.888246	0.191237
1272.959519	0.193557
1271.030793	0.195969
1269.102066	0.198453
1267.173340	0.201105
1265.244613	0.203886
1263.315887	0.206731
1261.387160	0.209735
1259.458434	0.212975
1257.529707	0.216432
1255.600980	0.220085
1253.672254	0.223847
1251.743527	0.227623
1249.814801	0.231390
1247.886074	0.235144
1245.957348	0.238940
1244.028621	0.242817
1242.099895	0.246685
1240.171168	0.250374
1238.242442	0.253827
1236.313715	0.257167
1234.384988	0.260561
1232.456262	0.264158
1230.527535	0.268030
1228.598809	0.272126
1226.670082	0.276371
1224.741356	0.280677
1222.812629	0.284965
1220.883903	0.289213
1218.955176	0.293379
1217.026450	0.297474
1215.097723	0.301602
1213.168996	0.305784
1211.240270	0.309868
1209.311543	0.313731
1207.382817	0.317439
1205.454090	0.321027
1203.525364	0.324480
1201.596637	0.327938
1199.667911	0.331409
1197.739184	0.334757
1195.810458	0.337990
1193.881731	0.341153
1191.953004	0.344261
1190.024278	0.347286
1188.095551	0.350169
1186.166825	0.352970
1184.238098	0.355789
1182.309372	0.358647
1180.380645	0.361506
1178.451919	0.364274
1176.523192	0.366905
1174.594466	0.369422
1172.665739	0.371827
1170.737012	0.374220
1168.808286	0.376756
1166.879559	0.379327
1164.950833	0.381761
1163.022106	0.384199
1161.093380	0.386764
1159.164653	0.389309
1157.235927	0.391666
1155.307200	0.393835
1153.378474	0.396024
1151.449747	0.398372
1149.521020	0.400710
1147.592294	0.402904
1145.663567	0.405032
1143.734841	0.407170
1141.806114	0.409388
1139.877388	0.411694
1137.948661	0.413945
1136.019935	0.416081
1134.091208	0.418232
1132.162482	0.420406
1130.233755	0.422465
1128.305028	0.424433
1126.376302	0.426435
1124.447575	0.428469
1122.518849	0.430455
1120.590122	0.432398
1118.661396	0.434346
1116.732669	0.436263
1114.803943	0.438150
1112.875216	0.440021
1110.946490	0.441847
1109.017763	0.443821
1107.089037	0.446119
1105.160310	0.448459
1103.231583	0.450589
1101.302857	0.452634
1099.374130	0.454751
1097.445404	0.456971
1095.516677	0.459220
1093.587951	0.461397
1091.659224	0.463471
1089.730498	0.465402
1087.801771	0.467159
1085.873045	0.468929
1083.944318	0.470946
1082.015591	0.473041
1080.086865	0.474962
1078.158138	0.476823
1076.229412	0.478706
1074.300685	0.480586
1072.371959	0.482559
1070.443232	0.484544
1068.514506	0.486422
1066.585779	0.488246
1064.657053	0.490133
1062.728326	0.492320
1060.799599	0.494730
1058.870873	0.496859
1056.942146	0.498630
1055.013420	0.500399
1053.084693	0.502354
1051.155967	0.504533
1049.227240	0.506760
1047.298514	0.508760
1045.369787	0.510652
1043.441061	0.512754
1041.512334	0.515040
1039.583607	0.517262
1037.654881	0.519347
1035.726154	0.521350
1033.797428	0.523177
1031.868701	0.524865
1029.939975	0.526648
1028.011248	0.528379
1026.082522	0.529859
1024.153795	0.531300
1022.225069	0.532802
1020.296342	0.534217
1018.367615	0.535392
1016.438889	0.536410
1014.510162	0.537637
1012.581436	0.539120
1010.652709	0.540572
1008.723983	0.542088
1006.795256	0.543898
1004.866530	0.545866
1002.937803	0.547822
1001.009077	0.549673
999.080350	0.551373
997.151623	0.553077
995.222897	0.554960
993.294170	0.557094
991.365444	0.559372
989.436717	0.561545
987.507991	0.563504
985.579264	0.565351
983.650538	0.567222
981.721811	0.569159
979.793085	0.571158
977.864358	0.573088
975.935631	0.574832
974.006905	0.576585
972.078178	0.578502
970.149452	0.580456
968.220725	0.582307
966.291999	0.584076
964.363272	0.585902
962.434546	0.587877
960.505819	0.589920
958.577093	0.591889
956.648366	0.593749
954.719639	0.595586
952.790913	0.597474
950.862186	0.599331
948.933460	0.601092
947.004733	0.602810
945.076007	0.604636
943.147280	0.606687
941.218554	0.608647
939.289827	0.610135
937.361101	0.611299
935.432374	0.612422
933.503648	0.613629
931.574921	0.614980
929.646194	0.616379
927.717468	0.617881
925.788741	0.619703
923.860015	0.621668
921.931288	0.623587
920.002562	0.625663
918.073835	0.628003
916.145109	0.630550
914.216382	0.633329
912.287656	0.636395
910.358929	0.639706
908.430202	0.643121
906.501476	0.646528
904.572749	0.649992
902.644023	0.653616
900.715296	0.657269
898.786570	0.660829
896.857843	0.664444
894.929117	0.668323
893.000390	0.672473
891.071664	0.676636
889.142937	0.680598
887.214210	0.684384
885.285484	0.688047
883.356757	0.691581
881.428031	0.695073
879.499304	0.698631
877.570578	0.702229
875.641851	0.705842
873.713125	0.709582
871.784398	0.713486
869.855672	0.717415
867.926945	0.721365
865.998218	0.725576
864.069492	0.730241
862.140765	0.735353
860.212039	0.740919
858.283312	0.747029
856.354586	0.753712
854.425859	0.760937
852.497133	0.768477
850.568406	0.776110
848.639680	0.783877
846.710953	0.792002
844.782226	0.800566
842.853500	0.809318
840.924773	0.818262
838.996047	0.827708
837.067320	0.837674
835.138594	0.847870
833.209867	0.858261
831.281141	0.868900
829.352414	0.877394
827.423688	0.870468
825.494961	0.823520
823.566234	0.730754
821.637508	0.625792
819.708781	0.546009
817.780055	0.494699
815.851328	0.458606
813.922602	0.430399
811.993875	0.407351
810.065149	0.387838
808.136422	0.370827
806.207696	0.355741
804.278969	0.342359
802.350242	0.330582
800.421516	0.319878
798.492789	0.309841
796.564063	0.300568
794.635336	0.292135
792.706610	0.284520
790.777883	0.277612
788.849157	0.271276
786.920430	0.265406
784.991704	0.259936
783.062977	0.254899
781.134250	0.250298
779.205524	0.246042
777.276797	0.242322
775.348071	0.239374
773.419344	0.237078
771.490618	0.235580
769.561891	0.235058
767.633165	0.235311
765.704438	0.236378
763.775712	0.238481
761.846985	0.241679
759.918259	0.246090
757.989532	0.251818
756.060805	0.258654
754.132079	0.266309
752.203352	0.274503
750.274626	0.282908
748.345899	0.291292
746.417173	0.299467
744.488446	0.307377
742.559720	0.315098
740.630993	0.322636
738.702267	0.330005
736.773540	0.337138
734.844813	0.343763
732.916087	0.349961
730.987360	0.356109
729.058634	0.362107
727.129907	0.367686
725.201181	0.372864
723.272454	0.377718
721.343728	0.382298
719.415001	0.386572
717.486275	0.390510
715.557548	0.394237
713.628821	0.397937
711.700095	0.401612
709.771368	0.404921
707.842642	0.407562
705.913915	0.409942
703.985189	0.412660
702.056462	0.415644
700.127736	0.418661
698.199009	0.421698
696.270283	0.424693
694.341556	0.427673
692.412829	0.430793
690.484103	0.434065
688.555376	0.437214
686.626650	0.440121
684.697923	0.443048
682.769197	0.446025
680.840470	0.448886
678.911744	0.451664
676.983017	0.454296
675.054291	0.456699
673.125564	0.458964
671.196837	0.460980
669.268111	0.462702
667.339384	0.464552
665.410658	0.466744
663.481931	0.468998
661.553205	0.471206
659.624478	0.473573
657.695752	0.476245
655.767025	0.479238
653.838299	0.482387
651.909572	0.485469
649.980845	0.488496
648.052119	0.491609
646.123392	0.494884
644.194666	0.498300
642.265939	0.501672
640.337213	0.504831
638.408486	0.507816
636.479760	0.510693
634.551033	0.513497
632.622307	0.516193
630.693580	0.518609
628.764853	0.520651
626.836127	0.522427
624.907400	0.524174
622.978674	0.526021
621.049947	0.528093
619.121221	0.530418
617.192494	0.532672
615.263768	0.534852
613.335041	0.537130
611.406315	0.539328
609.477588	0.541407
607.548861	0.543601
605.620135	0.546160
603.691408	0.548736
601.762682	0.550782
599.833955	0.552745
597.905229	0.555056
595.976502	0.557172
594.047776	0.558786
592.119049	0.560114
590.190323	0.561218
588.261596	0.562454
586.332870	0.564246
584.404143	0.566347
582.475416	0.568573
580.546690	0.570841
578.617963	0.572715
576.689237	0.574115
574.760510	0.575360
572.831784	0.576808
570.903057	0.578668
568.974331	0.580428
567.045604	0.581548
565.116878	0.582509
563.188151	0.583886
561.259424	0.585427
559.330698	0.586510
557.401971	0.586997
555.473245	0.587423
553.544518	0.588011
551.615792	0.588583
549.687065	0.589161
547.758339	0.589607
545.829612	0.589966
543.900886	0.590563
541.972159	0.591196
540.043432	0.591846
538.114706	0.592708
536.185979	0.593352
534.257253	0.593600
532.328526	0.593625
530.399800	0.593589
528.471073	0.593940
526.542347	0.594510
524.613620	0.594910
522.684894	0.595316
520.756167	0.595209
518.827440	0.594415
516.898714	0.594234
514.969987	0.594787
513.041261	0.595030
511.112534	0.595082
509.183808	0.595297
507.255081	0.595463
505.326355	0.595268
503.397628	0.594590
501.468902	0.594195
499.540175	0.594858
497.611448	0.596196
495.682722	0.597175
493.753995	0.597090
491.825269	0.596736
489.896542	0.597328
487.967816	0.598334
486.039089	0.598972
484.110363	0.599471
482.181636	0.599550
480.252910	0.598978
478.324183	0.598457
476.395456	0.598297
474.466730	0.598559
472.538003	0.599519
470.609277	0.600543
468.680550	0.600892
466.751824	0.601117
464.823097	0.601711
462.894371	0.602363
460.965644	0.602877
459.036918	0.603335
457.108191	0.603850
455.179464	0.604265
453.250738	0.605427
451.322011	0.608930
449.393285	0.613121
447.464558	0.615334
445.535832	0.616587
443.607105	0.618015
441.678379	0.618752
439.749652	0.619006
437.820926	0.619847
435.892199	0.620579
433.963472	0.620225
432.034746	0.620448
430.106019	0.622481
428.177293	0.624747
426.248566	0.625663
424.319840	0.624878
422.391113	0.624139
420.462387	0.625518
418.533660	0.627347
416.604934	0.628200
414.676207	0.629533
412.747481	0.630840
410.818754	0.631014
408.890027	0.630286
406.961301	0.627892
405.032574	0.625081
403.103848	0.624722
401.175121	0.626428
399.246395	0.628736
397.317668	0.631778
395.388942	0.635497
393.460215	0.637849
391.531489	0.636988
389.602762	0.636066
387.674035	0.637790
385.745309	0.638240
383.816582	0.637829
381.887856	0.642571
379.959129	0.649988
378.030403	0.652576
376.101676	0.650917
374.172950	0.651067
372.244223	0.649556
370.315497	0.640507
368.386770	0.637204
