3996.321400	0.893398
3994.392674	0.892973
3992.463947	0.892771
3990.535220	0.892908
3988.606494	0.892960
3986.677767	0.892700
3984.749041	0.892549
3982.820314	0.892906
3980.891588	0.893584
3978.962861	0.893929
3977.034135	0.893803
3975.105408	0.893620
3973.176682	0.893505
3971.247955	0.893325
3969.319228	0.893133
3967.390502	0.893148
3965.461775	0.893364
3963.533049	0.893629
3961.604322	0.893852
3959.675596	0.893939
3957.746869	0.893667
3955.818143	0.893064
3953.889416	0.892876
3951.960690	0.893446
3950.031963	0.894143
3948.103236	0.894540
3946.174510	0.894506
3944.245783	0.893979
3942.317057	0.893444
3940.388330	0.893314
3938.459604	0.893449
3936.530877	0.893699
3934.602151	0.893814
3932.673424	0.893729
3930.744698	0.893957
3928.815971	0.894675
3926.887244	0.895323
3924.958518	0.895261
3923.029791	0.894729
3921.101065	0.894599
3919.172338	0.894824
3917.243612	0.894835
3915.314885	0.894783
3913.386159	0.894853
3911.457432	0.894812
3909.528706	0.894778
3907.599979	0.895048
3905.671252	0.895407
3903.742526	0.895671
3901.813799	0.895997
3899.885073	0.896246
3897.956346	0.896134
3896.027620	0.895750
3894.098893	0.895408
3892.170167	0.895425
3890.241440	0.895739
3888.312714	0.895848
3886.383987	0.895821
3884.455260	0.896156
3882.526534	0.896658
3880.597807	0.896951
3878.669081	0.897090
3876.740354	0.897174
3874.811628	0.897047
3872.882901	0.896641
3870.954175	0.896412
3869.025448	0.896608
3867.096722	0.896879
3865.167995	0.897042
3863.239269	0.897007
3861.310542	0.896674
3859.381815	0.896507
3857.453089	0.896913
3855.524362	0.897475
3853.595636	0.897646
3851.666909	0.897408
3849.738183	0.897193
3847.809456	0.897416
3845.880730	0.897987
3843.952003	0.898387
3842.023277	0.898403
3840.094550	0.898410
3838.165823	0.898428
3836.237097	0.898246
3834.308370	0.898184
3832.379644	0.898289
3830.450917	0.898339
3828.522191	0.898532
3826.593464	0.898839
3824.664738	0.898953
3822.736011	0.898888
3820.807285	0.898730
3818.878558	0.898666
3816.949831	0.898947
3815.021105	0.899282
3813.092378	0.899274
3811.163652	0.899117
3809.234925	0.899213
3807.306199	0.899485
3805.377472	0.899637
3803.448746	0.899652
3801.520019	0.899400
3799.591293	0.899028
3797.662566	0.899041
3795.733839	0.899346
3793.805113	0.899720
3791.876386	0.900096
3789.947660	0.900089
3788.018933	0.899761
3786.090207	0.899762
3784.161480	0.899969
3782.232754	0.899703
3780.304027	0.899292
3778.375301	0.899561
3776.446574	0.900375
3774.517847	0.900917
3772.589121	0.900928
3770.660394	0.900828
3768.731668	0.900763
3766.802941	0.900653
3764.874215	0.900757
3762.945488	0.901156
3761.016762	0.901527
3759.088035	0.901784
3757.159309	0.901892
3755.230582	0.901579
3753.301855	0.901218
3751.373129	0.901512
3749.444402	0.902303
3747.515676	0.902901
3745.586949	0.902918
3743.658223	0.902850
3741.729496	0.903212
3739.800770	0.903450
3737.872043	0.903426
3735.943317	0.903556
3734.014590	0.903516
3732.085863	0.903288
3730.157137	0.903347
3728.228410	0.903505
3726.299684	0.903383
3724.370957	0.903068
3722.442231	0.902950
3720.513504	0.903238
3718.584778	0.903756
3716.656051	0.904318
3714.727325	0.904750
3712.798598	0.904849
3710.869871	0.904620
3708.941145	0.904389
3707.012418	0.904450
3705.083692	0.904531
3703.154965	0.904335
3701.226239	0.904155
3699.297512	0.904301
3697.368786	0.904610
3695.440059	0.904728
3693.511333	0.904777
3691.582606	0.905110
3689.653880	0.905322
3687.725153	0.905176
3685.796426	0.905284
3683.867700	0.905672
3681.938973	0.905930
3680.010247	0.906002
3678.081520	0.905859
3676.152794	0.905762
3674.224067	0.905894
3672.295341	0.905948
3670.366614	0.905877
3668.437888	0.905842
3666.509161	0.905847
3664.580434	0.905830
3662.651708	0.905623
3660.722981	0.905057
3658.794255	0.904297
3656.865528	0.903847
3654.936802	0.903795
3653.008075	0.903602
3651.079349	0.903081
3649.150622	0.902565
3647.221896	0.902107
3645.293169	0.901797
3643.364442	0.901871
3641.435716	0.901793
3639.506989	0.901055
3637.578263	0.900200
3635.649536	0.899808
3633.720810	0.899662
3631.792083	0.899280
3629.863357	0.898823
3627.934630	0.898788
3626.005904	0.898819
3624.077177	0.898378
3622.148450	0.897813
3620.219724	0.897367
3618.290997	0.896838
3616.362271	0.896466
3614.433544	0.896481
3612.504818	0.896503
3610.576091	0.896189
3608.647365	0.895854
3606.718638	0.895851
3604.789912	0.895794
3602.861185	0.895291
3600.932458	0.894587
3599.003732	0.894220
3597.075005	0.894379
3595.146279	0.894461
3593.217552	0.893954
3591.288826	0.893357
3589.360099	0.893425
3587.431373	0.894003
3585.502646	0.894165
3583.573920	0.893685
3581.645193	0.893192
3579.716466	0.892875
3577.787740	0.892505
3575.859013	0.892138
3573.930287	0.891981
3572.001560	0.891995
3570.072834	0.891967
3568.144107	0.891896
3566.215381	0.891726
3564.286654	0.891411
3562.357928	0.891231
3560.429201	0.891026
3558.500474	0.890551
3556.571748	0.890351
3554.643021	0.890700
3552.714295	0.890907
3550.785568	0.890404
3548.856842	0.889627
3546.928115	0.889358
3544.999389	0.889509
3543.070662	0.889342
3541.141936	0.888824
3539.213209	0.888464
3537.284482	0.888143
3535.355756	0.887692
3533.427029	0.887605
3531.498303	0.887969
3529.569576	0.888079
3527.640850	0.887650
3525.712123	0.887108
3523.783397	0.886580
3521.854670	0.886054
3519.925944	0.885851
3517.997217	0.885909
3516.068491	0.885762
3514.139764	0.885306
3512.211037	0.884810
3510.282311	0.884544
3508.353584	0.884569
3506.424858	0.884673
3504.496131	0.884673
3502.567405	0.884536
3500.638678	0.884284
3498.709952	0.884055
3496.781225	0.883866
3494.852499	0.883636
3492.923772	0.883353
3490.995045	0.882964
3489.066319	0.882676
3487.137592	0.882604
3485.208866	0.882427
3483.280139	0.882185
3481.351413	0.882069
3479.422686	0.881887
3477.493960	0.881675
3475.565233	0.881601
3473.636507	0.881321
3471.707780	0.880719
3469.779053	0.880373
3467.850327	0.880332
3465.921600	0.880063
3463.992874	0.879665
3462.064147	0.879549
3460.135421	0.879569
3458.206694	0.879476
3456.277968	0.879202
3454.349241	0.878637
3452.420515	0.878045
3450.491788	0.877670
3448.563061	0.877047
3446.634335	0.876012
3444.705608	0.875136
3442.776882	0.874656
3440.848155	0.874174
3438.919429	0.873419
3436.990702	0.872660
3435.061976	0.872064
3433.133249	0.871344
3431.204523	0.870370
3429.275796	0.869498
3427.347069	0.869117
3425.418343	0.868916
3423.489616	0.868320
3421.560890	0.867567
3419.632163	0.867047
3417.703437	0.866720
3415.774710	0.866715
3413.845984	0.866837
3411.917257	0.866433
3409.988531	0.865577
3408.059804	0.864895
3406.131077	0.864474
3404.202351	0.864128
3402.273624	0.864056
3400.344898	0.864182
3398.416171	0.863837
3396.487445	0.863165
3394.558718	0.862983
3392.629992	0.863091
3390.701265	0.863020
3388.772539	0.862951
3386.843812	0.862819
3384.915085	0.862493
3382.986359	0.862239
3381.057632	0.862139
3379.128906	0.862032
3377.200179	0.862025
3375.271453	0.862178
3373.342726	0.862079
3371.414000	0.861712
3369.485273	0.861712
3367.556547	0.862173
3365.627820	0.862602
3363.699093	0.862866
3361.770367	0.862993
3359.841640	0.862682
3357.912914	0.862087
3355.984187	0.861837
3354.055461	0.861816
3352.126734	0.861610
3350.198008	0.861561
3348.269281	0.861819
3346.340555	0.861807
3344.411828	0.861470
3342.483102	0.861282
3340.554375	0.861168
3338.625648	0.860985
3336.696922	0.860999
3334.768195	0.861115
3332.839469	0.861092
3330.910742	0.861152
3328.982016	0.861301
3327.053289	0.861285
3325.124563	0.861144
3323.195836	0.860964
3321.267110	0.860828
3319.338383	0.860707
3317.409656	0.860341
3315.480930	0.859961
3313.552203	0.859923
3311.623477	0.859864
3309.694750	0.859528
3307.766024	0.859028
3305.837297	0.858442
3303.908571	0.858097
3301.979844	0.858038
3300.051118	0.857940
3298.122391	0.857886
3296.193664	0.858066
3294.264938	0.858397
3292.336211	0.858653
3290.407485	0.858526
3288.478758	0.858055
3286.550032	0.857571
3284.621305	0.857059
3282.692579	0.856537
3280.763852	0.856274
3278.835126	0.856187
3276.906399	0.856092
3274.977672	0.855831
3273.048946	0.855366
3271.120219	0.855031
3269.191493	0.854994
3267.262766	0.855078
3265.334040	0.855044
3263.405313	0.854739
3261.476587	0.854091
3259.547860	0.853279
3257.619134	0.852789
3255.690407	0.852759
3253.761680	0.852764
3251.832954	0.852358
3249.904227	0.851766
3247.975501	0.851496
3246.046774	0.851472
3244.118048	0.851505
3242.189321	0.851481
3240.260595	0.851316
3238.331868	0.851154
3236.403142	0.851074
3234.474415	0.851008
3232.545688	0.850647
3230.616962	0.849965
3228.688235	0.849611
3226.759509	0.849778
3224.830782	0.849990
3222.902056	0.849950
3220.973329	0.849762
3219.044603	0.849796
3217.115876	0.850149
3215.187150	0.850404
3213.258423	0.850183
3211.329696	0.849541
3209.400970	0.848951
3207.472243	0.848737
3205.543517	0.848850
3203.614790	0.849303
3201.686064	0.849780
3199.757337	0.849804
3197.828611	0.849601
3195.899884	0.849665
3193.971158	0.849944
3192.042431	0.850023
3190.113704	0.849719
3188.184978	0.849273
3186.256251	0.849064
3184.327525	0.849178
3182.398798	0.849520
3180.470072	0.850014
3178.541345	0.850239
3176.612619	0.849964
3174.683892	0.849620
3172.755166	0.849591
3170.826439	0.849879
3168.897713	0.850222
3166.968986	0.850491
3165.040259	0.850875
3163.111533	0.851377
3161.182806	0.851737
3159.254080	0.851914
3157.325353	0.852058
3155.396627	0.852181
3153.467900	0.852148
3151.539174	0.851973
3149.610447	0.851950
3147.681721	0.852213
3145.752994	0.852543
3143.824267	0.852691
3141.895541	0.852560
3139.966814	0.852481
3138.038088	0.852730
3136.109361	0.853058
3134.180635	0.853286
3132.251908	0.853516
3130.323182	0.853821
3128.394455	0.854108
3126.465729	0.854258
3124.537002	0.854292
3122.608275	0.854381
3120.679549	0.854521
3118.750822	0.854402
3116.822096	0.854118
3114.893369	0.853933
3112.964643	0.853765
3111.035916	0.853633
3109.107190	0.853565
3107.178463	0.853606
3105.249737	0.854012
3103.321010	0.854496
3101.392283	0.854436
3099.463557	0.854232
3097.534830	0.854502
3095.606104	0.854732
3093.677377	0.854553
3091.748651	0.854433
3089.819924	0.854455
3087.891198	0.854312
3085.962471	0.854079
3084.033745	0.854026
3082.105018	0.854233
3080.176291	0.854394
3078.247565	0.854237
3076.318838	0.854117
3074.390112	0.854275
3072.461385	0.854425
3070.532659	0.854468
3068.603932	0.854481
3066.675206	0.854262
3064.746479	0.853761
3062.817753	0.853513
3060.889026	0.853784
3058.960299	0.854292
3057.031573	0.854765
3055.102846	0.854961
3053.174120	0.855012
3051.245393	0.855083
3049.316667	0.854934
3047.387940	0.854719
3045.459214	0.854899
3043.530487	0.855479
3041.601761	0.856028
3039.673034	0.856293
3037.744307	0.856339
3035.815581	0.856130
3033.886854	0.855838
3031.958128	0.855872
3030.029401	0.856171
3028.100675	0.856354
3026.171948	0.856296
3024.243222	0.856182
3022.314495	0.856272
3020.385769	0.856522
3018.457042	0.856692
3016.528315	0.856791
3014.599589	0.856870
3012.670862	0.856969
3010.742136	0.857295
3008.813409	0.857853
3006.884683	0.858368
3004.955956	0.858622
3003.027230	0.858634
3001.098503	0.858661
2999.169777	0.858874
2997.241050	0.859196
2995.312324	0.859622
2993.383597	0.860101
2991.454870	0.860419
2989.526144	0.860646
2987.597417	0.860876
2985.668691	0.861024
2983.739964	0.861212
2981.811238	0.861412
2979.882511	0.861451
2977.953785	0.861533
2976.025058	0.861784
2974.096332	0.862051
2972.167605	0.862291
2970.238878	0.862396
2968.310152	0.862342
2966.381425	0.862543
2964.452699	0.863128
2962.523972	0.863664
2960.595246	0.863977
2958.666519	0.864228
2956.737793	0.864373
2954.809066	0.864242
2952.880340	0.864028
2950.951613	0.864125
2949.022886	0.864533
2947.094160	0.864915
2945.165433	0.865148
2943.236707	0.865341
2941.307980	0.865586
2939.379254	0.866018
2937.450527	0.866660
2935.521801	0.867275
2933.593074	0.867609
2931.664348	0.867475
2929.735621	0.867050
2927.806894	0.866910
2925.878168	0.867175
2923.949441	0.867510
2922.020715	0.867820
2920.091988	0.868119
2918.163262	0.868345
2916.234535	0.868419
2914.305809	0.868240
2912.377082	0.868112
2910.448356	0.868363
2908.519629	0.868665
2906.590902	0.868869
2904.662176	0.869199
2902.733449	0.869444
2900.804723	0.869529
2898.875996	0.869817
2896.947270	0.870150
2895.018543	0.870173
2893.089817	0.870117
2891.161090	0.870174
2889.232364	0.870258
2887.303637	0.870375
2885.374910	0.870507
2883.446184	0.870571
2881.517457	0.870520
2879.588731	0.870460
2877.660004	0.870507
2875.731278	0.870683
2873.802551	0.871080
2871.873825	0.871533
2869.945098	0.871671
2868.016372	0.871590
2866.087645	0.871710
2864.158918	0.872048
2862.230192	0.872266
2860.301465	0.872235
2858.372739	0.872100
2856.444012	0.872060
2854.515286	0.872212
2852.586559	0.872445
2850.657833	0.872589
2848.729106	0.872691
2846.800380	0.872826
2844.871653	0.872912
2842.942926	0.873025
2841.014200	0.873194
2839.085473	0.873253
2837.156747	0.873285
2835.228020	0.873468
2833.299294	0.873615
2831.370567	0.873552
2829.441841	0.873505
2827.513114	0.873662
2825.584388	0.873967
2823.655661	0.874347
2821.726935	0.874662
2819.798208	0.874810
2817.869481	0.874858
2815.940755	0.874914
2814.012028	0.875112
2812.083302	0.875416
2810.154575	0.875539
2808.225849	0.875485
2806.297122	0.875564
2804.368396	0.875767
2802.439669	0.875934
2800.510943	0.876149
2798.582216	0.876442
2796.653489	0.876625
2794.724763	0.876680
2792.796036	0.876793
2790.867310	0.877019
2788.938583	0.877338
2787.009857	0.877620
2785.081130	0.877764
2783.152404	0.877983
2781.223677	0.878286
2779.294951	0.878392
2777.366224	0.878367
2775.437497	0.878506
2773.508771	0.878799
2771.580044	0.879069
2769.651318	0.879246
2767.722591	0.879299
2765.793865	0.879419
2763.865138	0.879805
2761.936412	0.880171
2760.007685	0.880296
2758.078959	0.880447
2756.150232	0.880742
2754.221505	0.881089
2752.292779	0.881565
2750.364052	0.882022
2748.435326	0.882251
2746.506599	0.882473
2744.577873	0.882725
2742.649146	0.882817
2740.720420	0.882829
2738.791693	0.882874
2736.862967	0.883003
2734.934240	0.883228
2733.005513	0.883447
2731.076787	0.883603
2729.148060	0.883765
2727.219334	0.883984
2725.290607	0.884203
2723.361881	0.884381
2721.433154	0.884471
2719.504428	0.884452
2717.575701	0.884537
2715.646975	0.884824
2713.718248	0.885093
2711.789521	0.885323
2709.860795	0.885649
2707.932068	0.885999
2706.003342	0.886263
2704.074615	0.886451
2702.145889	0.886571
2700.217162	0.886633
2698.288436	0.886735
2696.359709	0.886835
2694.430983	0.886854
2692.502256	0.886869
2690.573529	0.886943
2688.644803	0.887168
2686.716076	0.887485
2684.787350	0.887659
2682.858623	0.887769
2680.929897	0.887960
2679.001170	0.888140
2677.072444	0.888252
2675.143717	0.888379
2673.214991	0.888639
2671.286264	0.889018
2669.357537	0.889237
2667.428811	0.889184
2665.500084	0.889202
2663.571358	0.889427
2661.642631	0.889650
2659.713905	0.889837
2657.785178	0.889965
2655.856452	0.889931
2653.927725	0.889925
2651.998999	0.890246
2650.070272	0.890696
2648.141546	0.890897
2646.212819	0.890954
2644.284092	0.891140
2642.355366	0.891451
2640.426639	0.891745
2638.497913	0.891987
2636.569186	0.892229
2634.640460	0.892472
2632.711733	0.892711
2630.783007	0.892996
2628.854280	0.893308
2626.925554	0.893505
2624.996827	0.893557
2623.068100	0.893625
2621.139374	0.893747
2619.210647	0.893831
2617.281921	0.894052
2615.353194	0.894518
2613.424468	0.894837
2611.495741	0.894811
2609.567015	0.894716
2607.638288	0.894766
2605.709562	0.894905
2603.780835	0.895103
2601.852108	0.895508
2599.923382	0.895850
2597.994655	0.895819
2596.065929	0.895751
2594.137202	0.895899
2592.208476	0.896243
2590.279749	0.896591
2588.351023	0.896595
2586.422296	0.896342
2584.493570	0.896132
2582.564843	0.896021
2580.636116	0.896006
2578.707390	0.896154
2576.778663	0.896407
2574.849937	0.896551
2572.921210	0.896611
2570.992484	0.896767
2569.063757	0.896820
2567.135031	0.896787
2565.206304	0.897121
2563.277578	0.897482
2561.348851	0.897357
2559.420124	0.897261
2557.491398	0.897555
2555.562671	0.897880
2553.633945	0.897992
2551.705218	0.897859
2549.776492	0.897645
2547.847765	0.897666
2545.919039	0.897787
2543.990312	0.897770
2542.061586	0.897975
2540.132859	0.898652
2538.204132	0.899331
2536.275406	0.899557
2534.346679	0.899656
2532.417953	0.900007
2530.489226	0.900273
2528.560500	0.900338
2526.631773	0.900436
2524.703047	0.900339
2522.774320	0.899970
2520.845594	0.899751
2518.916867	0.900026
2516.988140	0.900734
2515.059414	0.901308
2513.130687	0.901403
2511.201961	0.901479
2509.273234	0.902045
2507.344508	0.902915
2505.415781	0.903432
2503.487055	0.903415
2501.558328	0.903394
2499.629602	0.903701
2497.700875	0.904209
2495.772148	0.904692
2493.843422	0.905029
2491.914695	0.905355
2489.985969	0.905694
2488.057242	0.905948
2486.128516	0.906181
2484.199789	0.906415
2482.271063	0.906796
2480.342336	0.907278
2478.413610	0.907259
2476.484883	0.906826
2474.556157	0.906781
2472.627430	0.907293
2470.698703	0.908086
2468.769977	0.908862
2466.841250	0.909231
2464.912524	0.909286
2462.983797	0.909432
2461.055071	0.909570
2459.126344	0.909589
2457.197618	0.909762
2455.268891	0.910092
2453.340165	0.910366
2451.411438	0.910464
2449.482711	0.910385
2447.553985	0.910410
2445.625258	0.910733
2443.696532	0.911159
2441.767805	0.911353
2439.839079	0.911199
2437.910352	0.911106
2435.981626	0.911454
2434.052899	0.912025
2432.124173	0.912462
2430.195446	0.912646
2428.266719	0.912639
2426.337993	0.912639
2424.409266	0.912807
2422.480540	0.912917
2420.551813	0.912766
2418.623087	0.912727
2416.694360	0.912957
2414.765634	0.913134
2412.836907	0.913220
2410.908181	0.913413
2408.979454	0.913806
2407.050727	0.914022
2405.122001	0.913607
2403.193274	0.913015
2401.264548	0.912912
2399.335821	0.913182
2397.407095	0.913426
2395.478368	0.913583
2393.549642	0.913736
2391.620915	0.913805
2389.692189	0.913701
2387.763462	0.913534
2385.834735	0.913571
2383.906009	0.913885
2381.977282	0.914021
2380.048556	0.913668
2378.119829	0.913218
2376.191103	0.913022
2374.262376	0.912970
2372.333650	0.912947
2370.404923	0.912984
2368.476197	0.912939
2366.547470	0.912603
2364.618743	0.912216
2362.690017	0.912103
2360.761290	0.912169
2358.832564	0.912261
2356.903837	0.912337
2354.975111	0.912450
2353.046384	0.912803
2351.117658	0.913316
2349.188931	0.913567
2347.260205	0.913493
2345.331478	0.913297
2343.402751	0.912928
2341.474025	0.912427
2339.545298	0.912198
2337.616572	0.912465
2335.687845	0.912918
2333.759119	0.913189
2331.830392	0.913272
2329.901666	0.913230
2327.972939	0.912908
2326.044213	0.912353
2324.115486	0.912147
2322.186759	0.912581
2320.258033	0.913218
2318.329306	0.913734
2316.400580	0.914172
2314.471853	0.914619
2312.543127	0.915052
2310.614400	0.915427
2308.685674	0.915751
2306.756947	0.915975
2304.828221	0.916113
2302.899494	0.916159
2300.970768	0.916232
2299.042041	0.916561
2297.113314	0.916984
2295.184588	0.917279
2293.255861	0.917503
2291.327135	0.917663
2289.398408	0.917679
2287.469682	0.917657
2285.540955	0.917800
2283.612229	0.918060
2281.683502	0.918318
2279.754776	0.918766
2277.826049	0.919442
2275.897322	0.919918
2273.968596	0.920030
2272.039869	0.920042
2270.111143	0.920127
2268.182416	0.920389
2266.253690	0.920722
2264.324963	0.920856
2262.396237	0.920912
2260.467510	0.921085
2258.538784	0.921246
2256.610057	0.921302
2254.681330	0.921254
2252.752604	0.921237
2250.823877	0.921587
2248.895151	0.922233
2246.966424	0.922648
2245.037698	0.922695
2243.108971	0.922600
2241.180245	0.922531
2239.251518	0.922962
2237.322792	0.924073
2235.394065	0.924833
2233.465338	0.924707
2231.536612	0.924794
2229.607885	0.925391
2227.679159	0.925413
2225.750432	0.925133
2223.821706	0.925503
2221.892979	0.925920
2219.964253	0.925602
2218.035526	0.924946
2216.106800	0.924750
2214.178073	0.925243
2212.249346	0.926104
2210.320620	0.927028
2208.391893	0.927667
2206.463167	0.927871
2204.534440	0.927893
2202.605714	0.927904
2200.676987	0.927977
2198.748261	0.928002
2196.819534	0.927698
2194.890808	0.927366
2192.962081	0.927531
2191.033354	0.927909
2189.104628	0.928002
2187.175901	0.927939
2185.247175	0.928078
2183.318448	0.928289
2181.389722	0.928359
2179.460995	0.928727
2177.532269	0.929583
2175.603542	0.930547
2173.674816	0.931288
2171.746089	0.931509
2169.817362	0.931159
2167.888636	0.930277
2165.959909	0.929078
2164.031183	0.928094
2162.102456	0.928199
2160.173730	0.930450
2158.245003	0.932915
2156.316277	0.932833
2154.387550	0.932213
2152.458824	0.933031
2150.530097	0.934270
2148.601370	0.934588
2146.672644	0.933801
2144.743917	0.933148
2142.815191	0.933578
2140.886464	0.934185
2138.957738	0.934357
2137.029011	0.934758
2135.100285	0.935188
2133.171558	0.934989
2131.242832	0.934595
2129.314105	0.934463
2127.385379	0.934666
2125.456652	0.935205
2123.527925	0.935688
2121.599199	0.935700
2119.670472	0.935300
2117.741746	0.934920
2115.813019	0.934899
2113.884293	0.935108
2111.955566	0.935102
2110.026840	0.934901
2108.098113	0.935034
2106.169387	0.935474
2104.240660	0.935726
2102.311933	0.935702
2100.383207	0.935744
2098.454480	0.936116
2096.525754	0.936631
2094.597027	0.937054
2092.668301	0.937486
2090.739574	0.937821
2088.810848	0.937733
2086.882121	0.937438
2084.953395	0.937248
2083.024668	0.937055
2081.095941	0.936770
2079.167215	0.936549
2077.238488	0.936738
2075.309762	0.937278
2073.381035	0.937619
2071.452309	0.937369
2069.523582	0.936781
2067.594856	0.936835
2065.666129	0.937827
2063.737403	0.939070
2061.808676	0.940109
2059.879949	0.940477
2057.951223	0.940062
2056.022496	0.939774
2054.093770	0.939994
2052.165043	0.939787
2050.236317	0.938786
2048.307590	0.938233
2046.378864	0.938966
2044.450137	0.939892
2042.521411	0.940335
2040.592684	0.941181
2038.663957	0.942479
2036.735231	0.943120
2034.806504	0.942880
2032.877778	0.942857
2030.949051	0.944009
2029.020325	0.945592
2027.091598	0.945820
2025.162872	0.944229
2023.234145	0.942222
2021.305419	0.941073
2019.376692	0.941033
2017.447965	0.941976
2015.519239	0.943308
2013.590512	0.944332
2011.661786	0.944918
2009.733059	0.944946
2007.804333	0.944382
2005.875606	0.944047
2003.946880	0.944641
2002.018153	0.945598
2000.089427	0.945945
1998.160700	0.945639
1996.231973	0.945415
1994.303247	0.945605
1992.374520	0.945739
1990.445794	0.945309
1988.517067	0.944610
1986.588341	0.943934
1984.659614	0.943253
1982.730888	0.943258
1980.802161	0.944629
1978.873435	0.946888
1976.944708	0.948627
1975.015981	0.949019
1973.087255	0.948649
1971.158528	0.948440
1969.229802	0.948911
1967.301075	0.949686
1965.372349	0.949918
1963.443622	0.949494
1961.514896	0.949164
1959.586169	0.949306
1957.657443	0.949453
1955.728716	0.949371
1953.799990	0.949031
1951.871263	0.948611
1949.942536	0.948764
1948.013810	0.949387
1946.085083	0.949840
1944.156357	0.950307
1942.227630	0.950934
1940.298904	0.951141
1938.370177	0.950719
1936.441451	0.949993
1934.512724	0.949536
1932.583998	0.949781
1930.655271	0.950276
1928.726544	0.950567
1926.797818	0.950885
1924.869091	0.951196
1922.940365	0.951112
1921.011638	0.950911
1919.082912	0.951174
1917.154185	0.951493
1915.225459	0.951306
1913.296732	0.951012
1911.368006	0.950983
1909.439279	0.951032
1907.510552	0.951014
1905.581826	0.950961
1903.653099	0.951039
1901.724373	0.951424
1899.795646	0.951929
1897.866920	0.952200
1895.938193	0.952155
1894.009467	0.952002
1892.080740	0.952013
1890.152014	0.952235
1888.223287	0.952472
1886.294560	0.952527
1884.365834	0.952538
1882.437107	0.952817
1880.508381	0.953250
1878.579654	0.953453
1876.650928	0.953430
1874.722201	0.953461
1872.793475	0.953573
1870.864748	0.953729
1868.936022	0.954091
1867.007295	0.954414
1865.078568	0.954271
1863.149842	0.954004
1861.221115	0.954104
1859.292389	0.954339
1857.363662	0.954393
1855.434936	0.954359
1853.506209	0.954298
1851.577483	0.954243
1849.648756	0.954465
1847.720030	0.954910
1845.791303	0.955120
1843.862576	0.955179
1841.933850	0.955370
1840.005123	0.955436
1838.076397	0.955335
1836.147670	0.955415
1834.218944	0.955742
1832.290217	0.956168
1830.361491	0.956515
1828.432764	0.956617
1826.504038	0.956522
1824.575311	0.956432
1822.646584	0.956501
1820.717858	0.956750
1818.789131	0.957150
1816.860405	0.957594
1814.931678	0.957828
1813.002952	0.957815
1811.074225	0.957817
1809.145499	0.957978
1807.216772	0.958186
1805.288046	0.958275
1803.359319	0.958227
1801.430593	0.958282
1799.501866	0.958613
1797.573139	0.958905
1795.644413	0.958946
1793.715686	0.959060
1791.786960	0.959358
1789.858233	0.959571
1787.929507	0.959626
1786.000780	0.959708
1784.072054	0.959938
1782.143327	0.960215
1780.214601	0.960348
1778.285874	0.960354
1776.357147	0.960399
1774.428421	0.960453
1772.499694	0.960502
1770.570968	0.960721
1768.642241	0.961088
1766.713515	0.961442
1764.784788	0.961725
1762.856062	0.961902
1760.927335	0.962046
1758.998609	0.962257
1757.069882	0.962428
1755.141155	0.962503
1753.212429	0.962601
1751.283702	0.962745
1749.354976	0.962875
1747.426249	0.962974
1745.497523	0.963081
1743.568796	0.963175
1741.640070	0.963170
1739.711343	0.963156
1737.782617	0.963256
1735.853890	0.963417
1733.925163	0.963657
1731.996437	0.963978
1730.067710	0.964172
1728.138984	0.964188
1726.210257	0.964189
1724.281531	0.964299
1722.352804	0.964502
1720.424078	0.964532
1718.495351	0.964337
1716.566625	0.964265
1714.637898	0.964389
1712.709171	0.964490
1710.780445	0.964533
1708.851718	0.964549
1706.922992	0.964490
1704.994265	0.964381
1703.065539	0.964252
1701.136812	0.964146
1699.208086	0.964193
1697.279359	0.964374
1695.350633	0.964620
1693.421906	0.964824
1691.493179	0.964788
1689.564453	0.964617
1687.635726	0.964506
1685.707000	0.964497
1683.778273	0.964666
1681.849547	0.964939
1679.920820	0.965107
1677.992094	0.965150
1676.063367	0.965183
1674.134641	0.965198
1672.205914	0.965175
1670.277187	0.965163
1668.348461	0.965132
1666.419734	0.965049
1664.491008	0.965012
1662.562281	0.965074
1660.633555	0.965146
1658.704828	0.965147
1656.776102	0.964973
1654.847375	0.964614
1652.918649	0.964339
1650.989922	0.964273
1649.061195	0.964221
1647.132469	0.964173
1645.203742	0.964247
1643.275016	0.964264
1641.346289	0.964072
1639.417563	0.963859
1637.488836	0.963796
1635.560110	0.963937
1633.631383	0.964182
1631.702657	0.964235
1629.773930	0.964122
1627.845204	0.964161
1625.916477	0.964352
1623.987750	0.964471
1622.059024	0.964442
1620.130297	0.964180
1618.201571	0.963704
1616.272844	0.963298
1614.344118	0.963027
1612.415391	0.962538
1610.486665	0.961537
1608.557938	0.959950
1606.629212	0.957807
1604.700485	0.955117
1602.771758	0.951790
1600.843032	0.947822
1598.914305	0.943244
1596.985579	0.938025
1595.056852	0.932281
1593.128126	0.926203
1591.199399	0.919949
1589.270673	0.913691
1587.341946	0.907575
1585.413220	0.901704
1583.484493	0.896085
1581.555766	0.890659
1579.627040	0.885326
1577.698313	0.880031
1575.769587	0.874942
1573.840860	0.870076
1571.912134	0.865157
1569.983407	0.860172
1568.054681	0.855382
1566.125954	0.850822
1564.197228	0.846264
1562.268501	0.841562
1560.339774	0.836821
1558.411048	0.832281
1556.482321	0.828042
1554.553595	0.823977
1552.624868	0.819933
1550.696142	0.815821
1548.767415	0.811639
1546.838689	0.807429
1544.909962	0.803179
1542.981236	0.798980
1541.052509	0.795018
1539.123782	0.791286
1537.195056	0.787597
1535.266329	0.783887
1533.337603	0.780241
1531.408876	0.776681
1529.480150	0.773203
1527.551423	0.769764
1525.622697	0.766262
1523.693970	0.762676
1521.765244	0.759114
1519.836517	0.755708
1517.907790	0.752442
1515.979064	0.749271
1514.050337	0.746233
1512.121611	0.743231
1510.192884	0.740084
1508.264158	0.736810
1506.335431	0.733665
1504.406705	0.730759
1502.477978	0.727905
1500.549252	0.724998
1498.620525	0.722093
1496.691798	0.719177
1494.763072	0.716305
1492.834345	0.713527
1490.905619	0.710717
1488.976892	0.707857
1487.048166	0.705096
1485.119439	0.702413
1483.190713	0.699696
1481.261986	0.696965
1479.333260	0.694290
1477.404533	0.691668
1475.475806	0.689047
1473.547080	0.686404
1471.618353	0.683806
1469.689627	0.681300
1467.760900	0.678832
1465.832174	0.676281
1463.903447	0.673521
1461.974721	0.670605
1460.045994	0.667703
1458.117268	0.664890
1456.188541	0.662188
1454.259815	0.659588
1452.331088	0.656928
1450.402361	0.654046
1448.473635	0.651090
1446.544908	0.648269
1444.616182	0.645521
1442.687455	0.642746
1440.758729	0.639964
1438.830002	0.637138
1436.901276	0.634132
1434.972549	0.631069
1433.043823	0.628206
1431.115096	0.625422
1429.186369	0.622477
1427.257643	0.619375
1425.328916	0.616231
1423.400190	0.613120
1421.471463	0.610004
1419.542737	0.606811
1417.614010	0.603598
1415.685284	0.600403
1413.756557	0.597173
1411.827831	0.593872
1409.899104	0.590469
1407.970377	0.586994
1406.041651	0.583470
1404.112924	0.579865
1402.184198	0.576205
1400.255471	0.572487
1398.326745	0.568632
1396.398018	0.564594
1394.469292	0.560501
1392.540565	0.556422
1390.611839	0.552233
1388.683112	0.547886
1386.754385	0.543359
1384.825659	0.538649
1382.896932	0.533841
1380.968206	0.529091
1379.039479	0.524566
1377.110753	0.520145
1375.182026	0.515656
1373.253300	0.511349
1371.324573	0.507594
1369.395847	0.504255
1367.467120	0.501085
1365.538393	0.498293
1363.609667	0.495981
1361.680940	0.493989
1359.752214	0.492346
1357.823487	0.491090
1355.894761	0.490043
1353.966034	0.489075
1352.037308	0.488268
1350.108581	0.487699
1348.179855	0.487458
1346.251128	0.487586
1344.322401	0.487963
1342.393675	0.488466
1340.464948	0.488991
1338.536222	0.489452
1336.607495	0.489883
1334.678769	0.490484
1332.750042	0.491364
1330.821316	0.492323
1328.892589	0.493172
1326.963863	0.493967
1325.035136	0.494793
1323.106409	0.495587
1321.177683	0.496375
1319.248956	0.497242
1317.320230	0.498145
1315.391503	0.499053
1313.462777	0.499866
1311.534050	0.500564
1309.605324	0.501356
1307.676597	0.502279
1305.747871	0.503189
1303.819144	0.504032
1301.890417	0.504877
1299.961691	0.505828
1298.032964	0.506915
1296.104238	0.508006
1294.175511	0.509008
1292.246785	0.510041
1290.318058	0.511224
1288.389332	0.512516
1286.460605	0.513764
1284.531879	0.514903
1282.603152	0.516056
1280.674426	0.517285
1278.745699	0.518503
1276.816972	0.519640
1274.888246	0.520736
1272.959519	0.521841
1271.030793	0.523016
1269.102066	0.524333
1267.173340	0.525701
1265.244613	0.527035
1263.315887	0.528426
1261.387160	0.529975
1259.458434	0.531701
1257.529707	0.533536
1255.600980	0.535378
1253.672254	0.537217
1251.743527	0.539085
1249.814801	0.540954
1247.886074	0.542894
1245.957348	0.544955
1244.028621	0.547028
1242.099895	0.549052
1240.171168	0.550993
1238.242442	0.552834
1236.313715	0.554676
1234.384988	0.556659
1232.456262	0.558801
1230.527535	0.560947
1228.598809	0.563047
1226.670082	0.565200
1224.741356	0.567490
1222.812629	0.569944
1220.883903	0.572381
1218.955176	0.574585
1217.026450	0.576557
1215.097723	0.578383
1213.168996	0.580266
1211.240270	0.582401
1209.311543	0.584588
1207.382817	0.586551
1205.454090	0.588321
1203.525364	0.589936
1201.596637	0.591391
1199.667911	0.592844
1197.739184	0.594401
1195.810458	0.595962
1193.881731	0.597346
1191.953004	0.598468
1190.024278	0.599503
1188.095551	0.600643
1186.166825	0.601734
1184.238098	0.602610
1182.309372	0.603390
1180.380645	0.604157
1178.451919	0.604902
1176.523192	0.605633
1174.594466	0.606338
1172.665739	0.606982
1170.737012	0.607512
1168.808286	0.607926
1166.879559	0.608318
1164.950833	0.608819
1163.022106	0.609447
1161.093380	0.610104
1159.164653	0.610749
1157.235927	0.611335
1155.307200	0.611803
1153.378474	0.612251
1151.449747	0.612748
1149.521020	0.613160
1147.592294	0.613489
1145.663567	0.613930
1143.734841	0.614430
1141.806114	0.614816
1139.877388	0.615197
1137.948661	0.615666
1136.019935	0.616096
1134.091208	0.616479
1132.162482	0.616856
1130.233755	0.617104
1128.305028	0.617246
1126.376302	0.617496
1124.447575	0.617867
1122.518849	0.618136
1120.590122	0.618231
1118.661396	0.618253
1116.732669	0.618186
1114.803943	0.618160
1112.875216	0.618277
1110.946490	0.618295
1109.017763	0.618260
1107.089037	0.618417
1105.160310	0.618659
1103.231583	0.618935
1101.302857	0.619366
1099.374130	0.619835
1097.445404	0.620139
1095.516677	0.620262
1093.587951	0.620442
1091.659224	0.620939
1089.730498	0.621462
1087.801771	0.621531
1085.873045	0.621400
1083.944318	0.621539
1082.015591	0.621770
1080.086865	0.621768
1078.158138	0.621627
1076.229412	0.621532
1074.300685	0.621598
1072.371959	0.621901
1070.443232	0.622151
1068.514506	0.622009
1066.585779	0.621710
1064.657053	0.621735
1062.728326	0.622180
1060.799599	0.622699
1058.870873	0.622970
1056.942146	0.623053
1055.013420	0.623094
1053.084693	0.623183
1051.155967	0.623535
1049.227240	0.624033
1047.298514	0.624299
1045.369787	0.624460
1043.441061	0.624849
1041.512334	0.625446
1039.583607	0.626003
1037.654881	0.626350
1035.726154	0.626557
1033.797428	0.626638
1031.868701	0.626660
1029.939975	0.626899
1028.011248	0.627222
1026.082522	0.627267
1024.153795	0.627201
1022.225069	0.627323
1020.296342	0.627522
1018.367615	0.627626
1016.438889	0.627601
1014.510162	0.627486
1012.581436	0.627414
1010.652709	0.627417
1008.723983	0.627481
1006.795256	0.627680
1004.866530	0.628012
1002.937803	0.628461
1001.009077	0.629003
999.080350	0.629545
997.151623	0.630033
995.222897	0.630536
993.294170	0.631146
991.365444	0.631862
989.436717	0.632667
987.507991	0.633435
985.579264	0.633957
983.650538	0.634393
981.721811	0.635144
979.793085	0.636196
977.864358	0.637176
975.935631	0.637878
974.006905	0.638354
972.078178	0.638785
970.149452	0.639316
968.220725	0.639956
966.291999	0.640678
964.363272	0.641444
962.434546	0.642139
960.505819	0.642631
958.577093	0.642981
956.648366	0.643402
954.719639	0.643997
952.790913	0.644707
950.862186	0.645399
948.933460	0.646054
947.004733	0.646764
945.076007	0.647447
943.147280	0.647987
941.218554	0.648470
939.289827	0.648851
937.361101	0.648871
935.432374	0.648683
933.503648	0.648710
931.574921	0.649012
929.646194	0.649439
927.717468	0.649847
925.788741	0.650149
923.860015	0.650412
921.931288	0.650805
920.002562	0.651439
918.073835	0.652325
916.145109	0.653358
914.216382	0.654289
912.287656	0.655037
910.358929	0.655861
908.430202	0.656948
906.501476	0.658234
904.572749	0.659689
902.644023	0.661241
900.715296	0.662694
898.786570	0.664184
896.857843	0.665918
894.929117	0.667851
893.000390	0.669883
891.071664	0.671822
889.142937	0.673651
887.214210	0.675495
885.285484	0.677362
883.356757	0.679243
881.428031	0.681176
879.499304	0.683190
877.570578	0.685105
875.641851	0.686717
873.713125	0.688178
871.784398	0.689792
869.855672	0.691520
867.926945	0.693196
865.998218	0.694969
864.069492	0.696888
862.140765	0.698861
860.212039	0.701152
858.283312	0.704138
856.354586	0.707859
854.425859	0.712105
852.497133	0.716725
850.568406	0.721679
848.639680	0.727065
846.710953	0.733072
844.782226	0.739816
842.853500	0.747204
840.924773	0.755025
838.996047	0.763184
837.067320	0.771930
835.138594	0.781813
833.209867	0.792966
831.281141	0.805071
829.352414	0.818062
827.423688	0.829926
825.494961	0.831846
823.566234	0.812794
821.637508	0.775004
819.708781	0.734880
817.780055	0.703392
815.851328	0.679740
813.922602	0.660748
811.993875	0.644700
810.065149	0.630977
808.136422	0.619269
806.207696	0.608936
804.278969	0.599358
802.350242	0.590340
800.421516	0.581806
798.492789	0.573766
796.564063	0.566366
794.635336	0.559594
792.706610	0.553238
790.777883	0.546979
788.849157	0.540771
786.920430	0.534720
784.991704	0.528838
783.062977	0.523289
781.134250	0.518185
779.205524	0.513375
777.276797	0.508806
775.348071	0.504734
773.419344	0.501296
771.490618	0.498482
769.561891	0.496333
767.633165	0.494735
765.704438	0.493625
763.775712	0.493125
761.846985	0.493149
759.918259	0.493516
757.989532	0.494294
756.060805	0.495594
754.132079	0.497357
752.203352	0.499356
750.274626	0.501480
748.345899	0.504015
746.417173	0.506970
744.488446	0.509938
742.559720	0.512712
740.630993	0.515271
738.702267	0.517775
736.773540	0.520304
734.844813	0.522651
732.916087	0.524823
730.987360	0.526961
729.058634	0.528828
727.129907	0.530288
725.201181	0.531644
723.272454	0.533010
721.343728	0.534261
719.415001	0.535303
717.486275	0.536095
715.557548	0.536682
713.628821	0.537061
711.700095	0.537271
709.771368	0.537335
707.842642	0.537214
705.913915	0.537007
703.985189	0.536767
702.056462	0.536498
700.127736	0.536326
698.199009	0.536433
696.270283	0.536875
694.341556	0.537521
692.412829	0.538202
690.484103	0.538873
688.555376	0.539679
686.626650	0.540798
684.697923	0.542118
682.769197	0.543278
680.840470	0.544210
678.911744	0.545045
676.983017	0.545824
675.054291	0.546672
673.125564	0.547450
671.196837	0.547753
669.268111	0.547665
667.339384	0.547703
665.410658	0.548141
663.481931	0.548929
661.553205	0.549913
659.624478	0.550831
657.695752	0.551656
655.767025	0.552583
653.838299	0.553611
651.909572	0.554740
649.980845	0.556094
648.052119	0.557678
646.123392	0.559128
644.194666	0.560261
642.265939	0.561499
640.337213	0.562983
638.408486	0.564537
636.479760	0.566127
634.551033	0.567557
632.622307	0.568619
630.693580	0.569466
628.764853	0.570426
626.836127	0.571560
624.907400	0.572710
622.978674	0.573768
621.049947	0.574838
619.121221	0.575852
617.192494	0.576496
615.263768	0.577149
613.335041	0.578342
611.406315	0.579801
609.477588	0.581014
607.548861	0.581755
605.620135	0.582347
603.691408	0.583122
601.762682	0.583932
599.833955	0.584842
597.905229	0.586075
595.976502	0.587292
594.047776	0.587960
592.119049	0.588060
590.190323	0.588222
588.261596	0.589258
586.332870	0.590902
584.404143	0.592132
582.475416	0.592833
580.546690	0.593371
578.617963	0.593928
576.689237	0.594847
574.760510	0.596074
572.831784	0.597041
570.903057	0.597721
568.974331	0.598289
567.045604	0.598607
565.116878	0.599230
563.188151	0.600640
561.259424	0.602093
559.330698	0.602775
557.401971	0.602695
555.473245	0.602438
553.544518	0.602548
551.615792	0.603138
549.687065	0.603924
547.758339	0.604372
545.829612	0.604095
543.900886	0.603470
541.972159	0.603316
540.043432	0.603923
538.114706	0.605048
536.185979	0.605932
534.257253	0.605884
532.328526	0.605084
530.399800	0.604298
528.471073	0.604418
526.542347	0.605152
524.613620	0.605476
522.684894	0.605211
520.756167	0.604492
518.827440	0.603904
516.898714	0.604291
514.969987	0.605311
513.041261	0.605791
511.112534	0.605170
509.183808	0.603838
507.255081	0.602664
505.326355	0.602135
503.397628	0.601996
501.468902	0.602146
499.540175	0.602262
497.611448	0.601423
495.682722	0.599644
493.753995	0.597977
491.825269	0.597470
489.896542	0.598396
487.967816	0.599638
486.039089	0.599781
484.110363	0.599079
482.181636	0.598458
480.252910	0.597829
478.324183	0.597574
476.395456	0.598149
474.466730	0.598238
472.538003	0.596810
470.609277	0.595195
468.680550	0.594950
466.751824	0.595604
464.823097	0.596302
462.894371	0.596856
460.965644	0.596730
459.036918	0.595686
457.108191	0.594566
455.179464	0.594219
453.250738	0.594943
451.322011	0.596557
449.393285	0.597833
447.464558	0.598501
445.535832	0.599531
443.607105	0.600445
441.678379	0.601533
439.749652	0.604094
437.820926	0.606407
435.892199	0.605901
433.963472	0.604284
432.034746	0.604681
430.106019	0.606246
428.177293	0.607721
426.248566	0.609612
424.319840	0.610456
422.391113	0.609020
420.462387	0.607385
418.533660	0.607168
416.604934	0.607880
414.676207	0.609419
412.747481	0.610674
410.818754	0.609476
408.890027	0.606744
406.961301	0.605699
405.032574	0.607499
403.103848	0.610642
401.175121	0.613469
399.246395	0.613836
397.317668	0.610836
395.388942	0.607106
393.460215	0.605496
391.531489	0.607684
389.602762	0.612892
387.674035	0.617000
385.745309	0.615106
383.816582	0.608135
381.887856	0.604382
379.959129	0.607706
378.030403	0.614389
376.101676	0.618033
374.172950	0.614709
372.244223	0.605092
370.315497	0.594603
368.386770	0.595675
